[{"id": 0, "img_name": "0001", "width": 1920, "height": 1080, "position": [-69.11235809326169, 34.75136947631836, -91.73780822753903], "rotation": [[-0.44923111796379095, 0.6829999089241027, 0.5759362578392027], [-0.8934156894683838, -0.3434289395809174, -0.2895947396755219], [0.0, -0.6446453928947449, 0.7644816637039185]], "fy": 2666.6664748650437, "fx": 2666.6664748650437}, {"id": 1, "img_name": "0002", "width": 1920, "height": 1080, "position": [-23.202220916748047, -104.28655242919923, 54.64403915405275], "rotation": [[0.9761327505111695, -0.09889437258243562, 0.1933518499135971], [-0.21717514097690588, -0.4444985389709473, 0.8690546751022339], [2.0904783246980572e-17, -0.8903037905693054, -0.4553670287132264]], "fy": 2666.6664748650437, "fx": 2666.6664748650437}, {"id": 2, "img_name": "0003", "width": 1920, "height": 1080, "position": [-18.291707992553714, 32.056976318359375, 114.1830291748047], "rotation": [[-0.8685530424118041, -0.4715723693370819, 0.15243090689182287], [-0.4955962896347046, 0.8264501690864562, -0.26714149117469793], [1.3958872997196977e-17, -0.3075708746910095, -0.9515252709388735]], "fy": 2666.6664748650437, "fx": 2666.6664748650437}, {"id": 3, "img_name": "0004", "width": 1920, "height": 1080, "position": [79.02831268310547, -84.98638916015626, -30.52606773376464], "rotation": [[0.7323104739189148, -0.17322804033756253, -0.6585692167282104], [0.6809709072113036, 0.18628799915313715, 0.7082198858261107], [-3.902852387640975e-17, -0.9671033024787902, 0.25438389182090754]], "fy": 2666.6664748650437, "fx": 2666.6664748650437}, {"id": 4, "img_name": "0005", "width": 1920, "height": 1080, "position": [9.29176330566406, 116.16478729248048, 28.625263214111325], "rotation": [[-0.996816337108612, 0.019019844010472294, -0.07743136584758759], [0.07973312586545943, 0.23778437077999115, -0.9680399298667909], [-4.6135818100408944e-18, -0.9711316823959351, -0.23854386806488037]], "fy": 2666.6664748650437, "fx": 2666.6664748650437}, {"id": 5, "img_name": "0006", "width": 1920, "height": 1080, "position": [-65.77776336669922, -36.56418991088867, -93.46841430664064], "rotation": [[0.48585605621337885, 0.6807918548583984, 0.5481480360031129], [-0.8740389347076416, 0.37843492627143854, 0.3047015964984894], [3.779154609787181e-17, -0.6271438002586365, 0.7789034843444824]], "fy": 2666.6664748650437, "fx": 2666.6664748650437}, {"id": 6, "img_name": "0007", "width": 1920, "height": 1080, "position": [-32.41341018676758, 65.30358886718749, 95.31427764892581], "rotation": [[-0.8957312703132629, -0.3531361520290374, 0.2701117694377899], [-0.4445958733558654, 0.7114665508270263, -0.544196605682373], [-1.6709299635037977e-17, -0.6075445413589478, -0.7942857146263124]], "fy": 2666.6664748650437, "fx": 2666.6664748650437}, {"id": 7, "img_name": "0008", "width": 1920, "height": 1080, "position": [-42.64117813110352, 45.61309051513674, -102.4752426147461], "rotation": [[-0.7305042147636414, 0.5831766724586487, 0.3553431630134583], [-0.6829082965850831, -0.6238216757774353, -0.3801091015338899], [2.8429472194550934e-17, -0.5203380584716796, 0.8539603948593139]], "fy": 2666.6664748650437, "fx": 2666.6664748650437}, {"id": 8, "img_name": "0009", "width": 1920, "height": 1080, "position": [27.469047546386726, -66.90552520751955, 95.75543212890624], "rotation": [[0.9250683784484864, 0.3030663132667542, -0.22890874743461617], [0.3798004388809204, -0.7381693720817566, 0.5575460791587831], [7.223583315779411e-17, -0.6027079224586487, -0.797961950302124]], "fy": 2666.6664748650437, "fx": 2666.6664748650437}, {"id": 9, "img_name": "0010", "width": 1920, "height": 1080, "position": [85.92957305908203, -21.88430404663086, 80.85286712646483], "rotation": [[0.24679920077323916, 0.652931809425354, -0.7160798311233523], [0.9690667390823365, -0.1662868559360504, 0.18236921727657318], [-1.9875210477992234e-17, -0.7389376759529113, -0.6737739443778991]], "fy": 2666.6664748650437, "fx": 2666.6664748650437}, {"id": 10, "img_name": "0011", "width": 1920, "height": 1080, "position": [21.431581497192386, -0.281441330909729, 118.0703582763672], "rotation": [[0.013130951672792435, 0.9838348031044006, -0.17859649658203125], [0.9999138116836547, -0.012919801287353039, 0.0023453442845493555], [-0.0, -0.17861181497573853, -0.983919620513916]], "fy": 2666.6664748650437, "fx": 2666.6664748650437}, {"id": 11, "img_name": "0012", "width": 1920, "height": 1080, "position": [11.281965255737305, 41.10499954223633, -112.17440032958986], "rotation": [[-0.9643366932868958, -0.24741801619529727, -0.09401638060808182], [0.26467856764793396, -0.9014491438865663, -0.34254169464111334], [2.57860504947063e-18, -0.3552095890045166, 0.9347867369651796]], "fy": 2666.6664748650437, "fx": 2666.6664748650437}, {"id": 12, "img_name": "0013", "width": 1920, "height": 1080, "position": [-2.5619232654571533, 100.76943969726561, -65.10726165771483], "rotation": [[-0.9996770620346069, 0.013789393007755281, 0.021349361166357994], [-0.02541540563106538, -0.5423852205276489, -0.8397454023361207], [-1.8626453709132676e-09, -0.8400167226791382, 0.5425605177879333]], "fy": 2666.6664748650437, "fx": 2666.6664748650437}, {"id": 13, "img_name": "0014", "width": 1920, "height": 1080, "position": [107.51728057861324, -51.6106185913086, 13.280790328979492], "rotation": [[0.432746946811676, 0.09977364540100096, -0.895977258682251], [0.901515543460846, -0.04789350554347039, 0.4300884604454041], [-0.0, -0.9938568472862244, -0.11067324876785277]], "fy": 2666.6664748650437, "fx": 2666.6664748650437}, {"id": 14, "img_name": "0015", "width": 1920, "height": 1080, "position": [42.17619323730469, -112.32442474365236, 2.095741033554077], "rotation": [[0.9361796975135803, 0.00613915640860796, -0.35146829485893244], [0.3515218794345856, -0.016349915415048603, 0.936036944389343], [4.656612875247167e-10, -0.9998474121093749, -0.01746450923383236]], "fy": 2666.6664748650437, "fx": 2666.6664748650437}, {"id": 15, "img_name": "0016", "width": 1920, "height": 1080, "position": [-8.948080062866211, -114.28427886962893, 35.4828987121582], "rotation": [[0.9969488382339479, -0.023080972954630852, 0.07456733286380766], [-0.07805778831243518, -0.2947886288166046, 0.9523689150810242], [1.8626451529592387e-09, -0.9552837014198303, -0.295690804719925]], "fy": 2666.6664748650437, "fx": 2666.6664748650437}, {"id": 16, "img_name": "0017", "width": 1920, "height": 1080, "position": [-18.70045089721679, -56.68325805664061, 104.10236358642578], "rotation": [[0.9496537446975707, -0.271795243024826, 0.15583710372447965], [-0.31330153346061707, -0.8238433003425598, 0.47236052155494684], [-2.616405335552198e-17, -0.4974027872085571, -0.8675197362899779]], "fy": 2666.6664748650437, "fx": 2666.6664748650437}, {"id": 17, "img_name": "0018", "width": 1920, "height": 1080, "position": [54.1317672729492, -31.6968936920166, 102.29887390136719], "rotation": [[0.5052980184555053, 0.7356524467468264, -0.4510980248451231], [0.8629450201988218, -0.43076178431510914, 0.2641407549381256], [-0.0, -0.522742509841919, -0.8524905443191528]], "fy": 2666.6664748650437, "fx": 2666.6664748650437}, {"id": 18, "img_name": "0019", "width": 1920, "height": 1080, "position": [-17.789255142211918, 6.521883010864259, 118.49475860595705], "rotation": [[-0.34421536326408386, -0.9271135926246642, 0.14824379980564117], [-0.9388906955718994, 0.33989766240119934, -0.054349027574062354], [1.2866285935349841e-17, -0.15789225697517395, -0.9874563813209535]], "fy": 2666.6664748650437, "fx": 2666.6664748650437}, {"id": 19, "img_name": "0020", "width": 1920, "height": 1080, "position": [40.22332000732422, 62.15162658691406, -94.44183349609375], "rotation": [[-0.8395235538482666, -0.42760366201400757, -0.3351943492889405], [0.5433232188224792, -0.6607178449630738, -0.517930269241333], [8.920769665327334e-17, -0.616933584213257, 0.7870153188705444]], "fy": 2666.6664748650437, "fx": 2666.6664748650437}, {"id": 20, "img_name": "0021", "width": 1920, "height": 1080, "position": [9.579290390014645, 116.93988800048827, -25.16544342041016], "rotation": [[-0.9966617226600646, -0.017121497541666027, -0.0798274204134941], [0.08164289593696594, -0.2090119570493698, -0.9744991064071654], [-1.8626453732931928e-09, -0.9777631163597108, 0.2097120434045792]], "fy": 2666.6664748650437, "fx": 2666.6664748650437}, {"id": 21, "img_name": "0022", "width": 1920, "height": 1080, "position": [-4.4452338218688965, 40.65690612792969, 112.8151397705078], "rotation": [[-0.9940760135650634, -0.10218001157045363, 0.03704361617565154], [-0.10868755728006362, 0.9345567822456359, -0.33880758285522455], [5.569702839524602e-18, -0.34082657098770147, -0.9401262402534485]], "fy": 2666.6664748650437, "fx": 2666.6664748650437}, {"id": 22, "img_name": "0023", "width": 1920, "height": 1080, "position": [-31.17591667175293, -89.16728973388673, -74.00849151611328], "rotation": [[0.9439660310745239, 0.20354966819286346, 0.25979933142662054], [-0.33004266023635864, 0.5821791887283325, 0.7430607676506042], [-6.889021923439913e-18, -0.7871689200401305, 0.6167374849319458]], "fy": 2666.6664748650437, "fx": 2666.6664748650437}, {"id": 23, "img_name": "0024", "width": 1920, "height": 1080, "position": [-20.041498184204098, -77.60623168945312, -89.30628204345703], "rotation": [[0.9682347774505614, 0.18608656525611875, 0.1670124977827072], [-0.25004276633262634, 0.720578670501709, 0.6467186212539673], [4.96451263555832e-17, -0.6679357886314393, 0.7442190647125243]], "fy": 2666.6664748650437, "fx": 2666.6664748650437}, {"id": 24, "img_name": "0025", "width": 1920, "height": 1080, "position": [-15.373018264770504, -43.422515869140625, 110.80683898925781], "rotation": [[0.9426668286323547, -0.3081681132316589, 0.12810848653316498], [-0.33373549580574036, -0.8704494833946229, 0.36185431480407715], [7.4505796771544635e-09, -0.3838623762130738, -0.9233903884887695]], "fy": 2666.6664748650437, "fx": 2666.6664748650437}, {"id": 25, "img_name": "0026", "width": 1920, "height": 1080, "position": [-89.76509857177732, 36.41161346435546, -70.82670593261719], "rotation": [[-0.375885635614395, 0.546939194202423, 0.7480425238609315], [-0.9266661405563351, -0.2218561619520187, -0.3034301400184631], [-0.0, -0.8072405457496643, 0.5902225971221924]], "fy": 2666.6664748650437, "fx": 2666.6664748650437}, {"id": 26, "img_name": "0027", "width": 1920, "height": 1080, "position": [-84.43495178222655, -82.80551910400392, 20.346624374389652], "rotation": [[0.7001842260360719, -0.1210560128092766, 0.7036245465278624], [-0.7139623165130615, -0.11871986091136932, 0.690045952796936], [-9.764753680181192e-18, -0.9855207204818726, -0.16955518722534182]], "fy": 2666.6664748650437, "fx": 2666.6664748650437}, {"id": 27, "img_name": "0028", "width": 1920, "height": 1080, "position": [-91.05984497070314, 17.42094421386719, 76.18803405761719], "rotation": [[-0.18790534138679504, -0.6235908865928649, 0.7588319778442383], [-0.9821872115135192, 0.1193011328577995, -0.1451745331287384], [2.106182004050155e-17, -0.7725940942764281, -0.6349002718925476]], "fy": 2666.6664748650437, "fx": 2666.6664748650437}, {"id": 28, "img_name": "0029", "width": 1920, "height": 1080, "position": [36.83521270751954, -2.8094885349273686, 114.17212677001955], "rotation": [[0.07605093717575073, 0.948678970336914, -0.30696013569831854], [0.9971039891242982, -0.0723574683070183, 0.023412406444549564], [-1.862645148445334e-09, -0.3078516125679016, -0.9514344334602356]], "fy": 2666.6664748650437, "fx": 2666.6664748650437}, {"id": 29, "img_name": "0030", "width": 1920, "height": 1080, "position": [-75.84383392333983, 92.59230041503906, 8.624296188354492], "rotation": [[-0.7736029624938964, -0.04554135352373123, 0.6320319771766661], [-0.6336705684661864, 0.055598180741071715, -0.7716025710105896], [-3.725290289084508e-09, -0.9974139928817749, -0.0718691423535347]], "fy": 2666.6664748650437, "fx": 2666.6664748650437}, {"id": 30, "img_name": "0031", "width": 1920, "height": 1080, "position": [-113.17469024658206, 38.855495452880845, 9.040957450866697], "rotation": [[-0.3247187435626984, -0.07125861197710037, 0.9431224465370179], [-0.9458106160163878, 0.024464737623929977, -0.3237958252429962], [-1.8626451473728815e-09, -0.9971578121185304, -0.07534131407737732]], "fy": 2666.6664748650437, "fx": 2666.6664748650437}, {"id": 31, "img_name": "0032", "width": 1920, "height": 1080, "position": [-75.80128479003906, 93.00137329101561, 2.2157597541809078], "rotation": [[-0.7751436233520508, -0.011665699072182177, 0.6316773891448973], [-0.6317850947380066, 0.014312765561044213, -0.7750114798545835], [-1.8228295086728422e-18, -0.9998294711112976, -0.018464665859937668]], "fy": 2666.6664748650437, "fx": 2666.6664748650437}, {"id": 32, "img_name": "0033", "width": 1920, "height": 1080, "position": [-2.801047325134277, -34.375034332275405, -114.93698883056642], "rotation": [[0.9966965317726135, 0.07778911292552947, 0.0233420617878437], [-0.0812157541513443, 0.9546440839767457, 0.28645864129066473], [3.7252898573425428e-09, -0.2874082922935486, 0.9578083157539369]], "fy": 2666.6664748650437, "fx": 2666.6664748650437}, {"id": 33, "img_name": "0034", "width": 1920, "height": 1080, "position": [-17.01217269897461, -32.68194580078125, -114.20365905761719], "rotation": [[0.8870216608047484, 0.4394250810146332, 0.14176811277866364], [-0.4617278575897217, 0.8441759347915652, 0.27234956622123724], [4.634479823361118e-18, -0.30703830718994146, 0.9516972303390503]], "fy": 2666.6664748650437, "fx": 2666.6664748650437}, {"id": 34, "img_name": "0035", "width": 1920, "height": 1080, "position": [-119.3028030395508, -12.215210914611816, 4.198752403259278], "rotation": [[0.1018557995557785, -0.03480763360857963, 0.9941900968551636], [-0.9947992563247678, -0.0035638939589262013, 0.10179343074560165], [-2.3283064445789285e-10, -0.9993876814842223, -0.03498960658907891]], "fy": 2666.6664748650437, "fx": 2666.6664748650437}, {"id": 35, "img_name": "0036", "width": 1920, "height": 1080, "position": [24.156784057617188, 74.36322784423827, 91.0305404663086], "rotation": [[-0.9510763883590699, 0.23437011241912847, -0.20130655169487], [0.3089557886123657, 0.7214750647544862, -0.6196935772895813], [-2.560551837885943e-17, -0.6515706777572632, -0.7585878968238832]], "fy": 2666.6664748650437, "fx": 2666.6664748650437}, {"id": 36, "img_name": "0037", "width": 1920, "height": 1080, "position": [86.80085754394531, 66.0337905883789, 50.05148315429687], "rotation": [[-0.6054618358612059, 0.3319557607173921, -0.7233405113220215], [0.7958743572235105, 0.2525354921817779, -0.5502816438674927], [-1.4901159458730264e-08, -0.9088625907897949, -0.41709572076797485]], "fy": 2666.6664748650437, "fx": 2666.6664748650437}, {"id": 37, "img_name": "0038", "width": 1920, "height": 1080, "position": [42.334220886230476, 94.66732788085938, 60.38137435913086], "rotation": [[-0.912879228591919, 0.2054123282432556, -0.35278519988060003], [0.40822988748550415, 0.45934084057807917, -0.7888944149017334], [1.4901162957019703e-08, -0.8641826510429382, -0.5031781196594237]], "fy": 2666.6664748650437, "fx": 2666.6664748650437}, {"id": 38, "img_name": "0039", "width": 1920, "height": 1080, "position": [11.96329879760742, 75.0620651245117, -92.85777282714844], "rotation": [[-0.9875362515449525, -0.12179248034954068, -0.099694162607193], [0.15739229321479795, -0.7641700506210325, -0.6255172491073608], [-7.095073182471622e-18, -0.6334120035171509, 0.7738147974014283]], "fy": 2666.6664748650437, "fx": 2666.6664748650437}, {"id": 39, "img_name": "0040", "width": 1920, "height": 1080, "position": [104.58611297607423, 27.637792587280273, 51.94129180908204], "rotation": [[-0.2554885447025299, 0.41847890615463257, -0.8715509772300721], [0.9668121337890624, 0.11058670282363894, -0.2303149551153183], [-1.2095198862190828e-17, -0.9014687538146974, -0.43284413218498236]], "fy": 2666.6664748650437, "fx": 2666.6664748650437}, {"id": 40, "img_name": "0041", "width": 1920, "height": 1080, "position": [-52.96338272094725, 95.52159881591794, -49.70417785644531], "rotation": [[-0.8745619654655458, 0.2008520662784576, 0.4413614869117737], [-0.4849139451980591, -0.36224484443664545, -0.7960132956504818], [2.0870413944294592e-17, -0.9101852774620057, 0.4142014682292938]], "fy": 2666.6664748650437, "fx": 2666.6664748650437}, {"id": 41, "img_name": "0042", "width": 1920, "height": 1080, "position": [61.485198974609375, -72.65747833251953, -73.07845306396486], "rotation": [[0.7633563876152036, -0.39339208602905273, -0.5123766660690308], [0.6459777355194091, 0.4648741483688355, 0.6054790019989013], [1.4901162987467725e-08, -0.7931800484657289, 0.6089871525764464]], "fy": 2666.6664748650437, "fx": 2666.6664748650437}, {"id": 42, "img_name": "0043", "width": 1920, "height": 1080, "position": [-6.830936431884766, -115.3492431640625, -32.3711280822754], "rotation": [[0.9982511401176453, 0.01594710536301136, 0.056924473494291306], [-0.05911603942513466, 0.2692876160144806, 0.9612437486648561], [-1.637871255011768e-18, -0.9629277586936952, 0.26975941658020025]], "fy": 2666.6664748650437, "fx": 2666.6664748650437}, {"id": 43, "img_name": "0044", "width": 1920, "height": 1080, "position": [-18.274591445922855, 19.853681564331048, -116.92677307128906], "rotation": [[-0.7357611060142518, 0.6598969697952272, 0.15228827297687533], [-0.6772412657737733, -0.7169180512428283, -0.1654473543167114], [7.450580595358828e-09, -0.2248655408620834, 0.9743898510932922]], "fy": 2666.6664748650437, "fx": 2666.6664748650437}, {"id": 44, "img_name": "0045", "width": 1920, "height": 1080, "position": [-118.92309570312501, 1.5894824266433718, 15.961543083190922], "rotation": [[-0.013364439830183985, -0.133000984787941, 0.9910258650779724], [-0.9999107718467712, 0.0017776421736925845, -0.013245687820017338], [2.3283064402179e-10, -0.9911143183708191, -0.1330128610134125]], "fy": 2666.6664748650437, "fx": 2666.6664748650437}, {"id": 45, "img_name": "0046", "width": 1920, "height": 1080, "position": [66.75575256347656, 86.43828582763673, 49.72014236450195], "rotation": [[-0.7914509773254395, 0.2532548308372497, -0.5562978982925415], [0.6112326383590698, 0.3279255032539367, -0.7203190326690674], [-1.4901161234438746e-08, -0.9101247191429138, -0.4143345057964325]], "fy": 2666.6664748650437, "fx": 2666.6664748650437}, {"id": 46, "img_name": "0047", "width": 1920, "height": 1080, "position": [85.92962646484372, -58.550422668457024, 59.89948272705078], "rotation": [[0.5630876421928405, 0.41250637173652654, -0.7160801887512207], [0.8263972997665403, -0.2810721099376678, 0.48792016506195063], [1.490116301355691e-08, -0.8665084838867188, -0.49916231632232666]], "fy": 2666.6664748650437, "fx": 2666.6664748650437}, {"id": 47, "img_name": "0048", "width": 1920, "height": 1080, "position": [-74.99206542968751, -86.41181182861328, -36.18270111083985], "rotation": [[0.755248486995697, 0.19762948155403143, 0.6249338984489442], [-0.6554386615753175, 0.2277244031429292, 0.7200984954833985], [-1.490116121331201e-08, -0.9534590840339661, 0.3015225231647492]], "fy": 2666.6664748650437, "fx": 2666.6664748650437}, {"id": 48, "img_name": "0049", "width": 1920, "height": 1080, "position": [-25.191398620605472, 30.986408233642575, -113.1602249145508], "rotation": [[-0.7759309411048891, 0.5948625206947328, 0.20992833375930792], [-0.6308179497718811, -0.7317042946815489, -0.25822007656097407], [1.4901161177764294e-08, -0.3327873647212983, 0.943001925945282]], "fy": 2666.6664748650437, "fx": 2666.6664748650437}, {"id": 49, "img_name": "0050", "width": 1920, "height": 1080, "position": [-71.69378662109375, -93.57967376708982, -22.42419624328613], "rotation": [[0.793813705444336, 0.11364602297544481, 0.5974482297897339], [-0.6081610321998597, 0.14833863079547882, 0.7798306345939636], [2.4183674651976148e-17, -0.982384979724884, 0.18686830997467038]], "fy": 2666.6664748650437, "fx": 2666.6664748650437}, {"id": 50, "img_name": "0051", "width": 1920, "height": 1080, "position": [107.91110229492186, -51.141159057617195, -11.822669029235838], "rotation": [[0.4282598793506622, -0.08903017640113829, -0.8992592096328736], [0.9036556482315063, 0.04219312593340873, 0.4261763393878937], [3.725290298500293e-09, -0.9951348304748533, 0.09852224588394164]], "fy": 2666.6664748650437, "fx": 2666.6664748650437}, {"id": 51, "img_name": "0052", "width": 1920, "height": 1080, "position": [-68.35526275634764, 95.27487182617185, 25.500143051147457], "rotation": [[-0.8125144243240359, -0.1238756701350212, 0.5696272253990173], [-0.5829411149024964, 0.17266026139259333, -0.7939572930335997], [7.450580592868346e-09, -0.9771607518196105, -0.21250119805335999]], "fy": 2666.6664748650437, "fx": 2666.6664748650437}, {"id": 52, "img_name": "0053", "width": 1920, "height": 1080, "position": [118.30608367919922, 19.86350059509277, -3.018701791763306], "rotation": [[-0.16558156907558438, -0.024808596819639202, -0.9858840703964233], [0.9861961007118225, -0.0041653444059193126, -0.16552917659282682], [8.551180327992446e-19, -0.9996834993362426, 0.025155849754810337]], "fy": 2666.6664748650437, "fx": 2666.6664748650437}, {"id": 53, "img_name": "0054", "width": 1920, "height": 1080, "position": [110.88907623291016, -27.312898635864258, -36.84586715698243], "rotation": [[0.23916044831275943, -0.29813840985298157, -0.9240756630897523], [0.9709801077842715, 0.07343396544456485, 0.22760750353336334], [-1.2824126795859925e-17, -0.9516937732696533, 0.3070489168167115]], "fy": 2666.6664748650437, "fx": 2666.6664748650437}, {"id": 54, "img_name": "0055", "width": 1920, "height": 1080, "position": [-90.13183593750001, 48.45115280151367, 62.67964172363282], "rotation": [[-0.4734832048416137, -0.46007010340690624, 0.7510986924171448], [-0.8808028697967529, 0.24731467664241794, -0.40375962853431696], [1.4901161191772055e-08, -0.8527431488037109, -0.5223304033279419]], "fy": 2666.6664748650437, "fx": 2666.6664748650437}, {"id": 55, "img_name": "0056", "width": 1920, "height": 1080, "position": [102.95358276367188, 61.12629318237305, 8.008530616760254], "rotation": [[-0.510524034500122, 0.05738535895943641, -0.857946455478668], [0.8598635792732239, 0.03407122567296029, -0.5093857645988464], [1.862645373056264e-09, -0.9977705478668213, -0.06673774868249895]], "fy": 2666.6664748650437, "fx": 2666.6664748650437}, {"id": 56, "img_name": "0057", "width": 1920, "height": 1080, "position": [-100.28849029541016, -65.77374267578125, 4.004218578338624], "rotation": [[0.548419952392578, -0.02790283225476741, 0.8357373476028443], [-0.8362031579017639, -0.018299942836165428, 0.5481144785881042], [-9.313226856923211e-10, -0.9994431138038636, -0.033368486911058426]], "fy": 2666.6664748650437, "fx": 2666.6664748650437}, {"id": 57, "img_name": "0058", "width": 1920, "height": 1080, "position": [-22.94207000732422, -108.81368255615234, -45.09151077270508], "rotation": [[0.978488266468048, 0.07752080261707305, 0.19118390977382657], [-0.2063026130199432, 0.3676792979240418, 0.9067806601524352], [4.850362336561885e-18, -0.9267159104347228, 0.3757625818252564]], "fy": 2666.6664748650437, "fx": 2666.6664748650437}, {"id": 58, "img_name": "0059", "width": 1920, "height": 1080, "position": [116.07003784179689, -10.027152061462404, -28.76115417480469], "rotation": [[0.08606825023889542, -0.2387869209051132, -0.9672502279281615], [0.9962893128395081, 0.020628517493605617, 0.0835595950484276], [-3.355824088830064e-18, -0.9708529710769654, 0.23967626690864566]], "fy": 2666.6664748650437, "fx": 2666.6664748650437}, {"id": 59, "img_name": "0060", "width": 1920, "height": 1080, "position": [-58.40308380126954, 104.29094696044922, -10.605546951293945], "rotation": [[-0.8725055456161499, 0.04318263381719589, 0.4866923987865448], [-0.4886043667793274, -0.07711163908243178, -0.8690912723541261], [-3.7252907402601504e-09, -0.9960867762565611, 0.08837956190109253]], "fy": 2666.6664748650437, "fx": 2666.6664748650437}, {"id": 60, "img_name": "0061", "width": 1920, "height": 1080, "position": [-47.60912704467773, 108.54541015625001, 18.742067337036136], "rotation": [[-0.9157836437225342, -0.06273470073938368, 0.39674273133277893], [-0.40167203545570374, 0.1430306434631347, -0.9045451283454894], [-9.337432756926256e-18, -0.9877279996871947, -0.1561838984489441]], "fy": 2666.6664748650437, "fx": 2666.6664748650437}, {"id": 61, "img_name": "0062", "width": 1920, "height": 1080, "position": [-69.94174194335939, 49.04311370849609, -84.2788619995117], "rotation": [[-0.574121296405792, 0.5750418305397035, 0.5828478336334229], [-0.8187702894210813, -0.40321904420852644, -0.40869259834289545], [1.4901162883053478e-08, -0.7118575572967528, 0.702323794364929]], "fy": 2666.6664748650437, "fx": 2666.6664748650437}, {"id": 62, "img_name": "0063", "width": 1920, "height": 1080, "position": [-40.18911361694337, 100.60499572753908, 51.608818054199226], "rotation": [[-0.9286448955535888, -0.15954427421092993, 0.3349092900753021], [-0.37096980214118963, 0.3993855714797974, -0.8383750319480895], [-2.88774079971856e-17, -0.9027938842773438, -0.4300734996795655]], "fy": 2666.6664748650437, "fx": 2666.6664748650437}, {"id": 63, "img_name": "0064", "width": 1920, "height": 1080, "position": [-98.00524139404295, -48.77478408813477, 49.15274810791016], "rotation": [[0.44554781913757324, -0.3667033016681671, 0.8167104125022887], [-0.8952581882476808, -0.18249915540218353, 0.40645655989646917], [-1.4901161189554356e-08, -0.9122624397277832, -0.4096062481403351]], "fy": 2666.6664748650437, "fx": 2666.6664748650437}, {"id": 64, "img_name": "0065", "width": 1920, "height": 1080, "position": [-71.51372528076173, 85.76300048828125, -43.9374122619629], "rotation": [[-0.7680250406265258, 0.23448657989501956, 0.5959476828575135], [-0.6404198408126832, -0.28120854496955866, -0.7146916389465332], [-1.4901161146509006e-08, -0.9305577874183655, 0.36614507436752325]], "fy": 2666.6664748650437, "fx": 2666.6664748650437}, {"id": 65, "img_name": "0066", "width": 1920, "height": 1080, "position": [4.8211350440978995, 98.15866088867185, -68.85952758789064], "rotation": [[-0.9987961053848267, -0.028150118887424472, -0.04017612338066101], [0.049056608229875565, -0.5731384754180909, -0.8179888129234315], [1.8626453684602374e-09, -0.8189748525619508, 0.5738293528556826]], "fy": 2666.6664748650437, "fx": 2666.6664748650437}, {"id": 66, "img_name": "0067", "width": 1920, "height": 1080, "position": [-24.04482078552246, 96.56639099121094, -67.0580291748047], "rotation": [[-0.970370888710022, 0.13502146303653717, 0.20037351548671722], [-0.2416202425956726, -0.5422596335411072, -0.8047199845314027], [1.0360343862104586e-17, -0.8292910456657411, 0.5588169097900392]], "fy": 2666.6664748650437, "fx": 2666.6664748650437}, {"id": 67, "img_name": "0068", "width": 1920, "height": 1080, "position": [-26.27885437011719, -27.875934600830078, 113.72051239013673], "rotation": [[0.7276437282562257, -0.6500598788261416, 0.21899046003818515], [-0.6859552860260012, -0.6895668506622312, 0.23229946196079257], [-2.4047846845784173e-17, -0.3192486464977265, -0.9476709961891174]], "fy": 2666.6664748650437, "fx": 2666.6664748650437}, {"id": 68, "img_name": "0069", "width": 1920, "height": 1080, "position": [112.70547485351562, -6.736677646636963, 40.64593505859375], "rotation": [[0.05966592207551002, 0.3381126821041107, -0.9392123222351073], [0.9982184767723083, -0.020209809765219692, 0.05613898485898971], [3.2585476965750587e-18, -0.9408886432647705, -0.33871614933013916]], "fy": 2666.6664748650437, "fx": 2666.6664748650437}, {"id": 69, "img_name": "0070", "width": 1920, "height": 1080, "position": [-17.093145370483402, -113.12602996826175, -36.198432922363295], "rotation": [[0.9887765645980835, 0.04506776854395868, 0.14244286715984347], [-0.14940240979194644, 0.2982679605484009, 0.9427168369293214], [-8.731099532188193e-18, -0.9534175395965576, 0.3016535937786103]], "fy": 2666.6664748650437, "fx": 2666.6664748650437}, {"id": 70, "img_name": "0071", "width": 1920, "height": 1080, "position": [-81.73538970947266, 86.65784454345703, -14.482545852661135], "rotation": [[-0.7274661660194398, 0.0828092321753502, 0.6811282634735106], [-0.6861436963081358, -0.08779636025428775, -0.7221487164497373], [3.725289840007774e-09, -0.9926906228065492, 0.12068788707256317]], "fy": 2666.6664748650437, "fx": 2666.6664748650437}, {"id": 71, "img_name": "0072", "width": 1920, "height": 1080, "position": [81.5733871459961, 7.74281883239746, -87.6688766479492], "rotation": [[-0.09449373185634614, -0.7273049354553223, -0.679778277873993], [0.9955255389213563, -0.06903465092182158, -0.06452349573373795], [0.0, -0.6828336119651794, 0.7305740118026732]], "fy": 2666.6664748650437, "fx": 2666.6664748650437}, {"id": 72, "img_name": "0073", "width": 1920, "height": 1080, "position": [51.66963577270507, 7.7645626068115225, -108.02758789062499], "rotation": [[-0.14860470592975616, -0.890234351158142, -0.4305803179740905], [0.9888967275619508, -0.13377839326858523, -0.06470469385385513], [-1.2354484556196593e-17, -0.4354147315025329, 0.9002299308776855]], "fy": 2666.6664748650437, "fx": 2666.6664748650437}, {"id": 73, "img_name": "0074", "width": 1920, "height": 1080, "position": [-1.6134139299392705, 5.113403320312499, -119.88014984130858], "rotation": [[-0.9536546468734742, 0.3006027042865754, 0.013445116579532627], [-0.3009032607078552, -0.9527021646499633, -0.04261169582605362], [9.313224626833319e-10, -0.04468362405896187, 0.9990013241767883]], "fy": 2666.6664748650437, "fx": 2666.6664748650437}, {"id": 74, "img_name": "0075", "width": 1920, "height": 1080, "position": [-39.813457489013665, 23.064706802368168, 110.82828521728517], "rotation": [[-0.5012772679328918, -0.79915189743042, 0.3317787945270538], [-0.8652867674827576, 0.46296411752700806, -0.19220587611198425], [1.4901163001177562e-08, -0.3834323585033416, -0.9235689640045165]], "fy": 2666.6664748650437, "fx": 2666.6664748650437}, {"id": 75, "img_name": "0076", "width": 1920, "height": 1080, "position": [-60.77859115600585, 47.49800491333007, 91.92335510253908], "rotation": [[-0.6157626509666444, -0.6035777330398558, 0.5064882040023803], [-0.7879316806793213, 0.47169142961502075, -0.395816683769226], [-1.490116126930787e-08, -0.6428072452545164, -0.7660279273986818]], "fy": 2666.6664748650437, "fx": 2666.6664748650437}, {"id": 76, "img_name": "0077", "width": 1920, "height": 1080, "position": [-82.8642578125, -9.323876380920408, -86.29356384277345], "rotation": [[0.11181428283452989, 0.7146036028862, 0.6905355453491212], [-0.9937291145324707, 0.08040711283683777, 0.07769897580146788], [0.0, -0.6948930621147156, 0.7191130518913269]], "fy": 2666.6664748650437, "fx": 2666.6664748650437}, {"id": 77, "img_name": "0078", "width": 1920, "height": 1080, "position": [66.74868011474611, 67.98142242431642, 72.95984649658206], "rotation": [[-0.7135467529296875, 0.4259685575962067, -0.5562390089035033], [0.700607657432556, 0.4338355362415314, -0.5665118694305419], [3.2195279635210057e-17, -0.7939380407333374, -0.6079987287521362]], "fy": 2666.6664748650437, "fx": 2666.6664748650437}, {"id": 78, "img_name": "0079", "width": 1920, "height": 1080, "position": [-28.186164855957024, -64.9022750854492, 96.91870117187501], "rotation": [[0.9172364473342896, -0.32172423601150507, 0.2348847240209579], [-0.3983432054519653, -0.7408114075660707, 0.5408523082733153], [-1.4901161142453438e-08, -0.5896541476249694, -0.8076558709144592]], "fy": 2666.6664748650437, "fx": 2666.6664748650437}, {"id": 79, "img_name": "0080", "width": 1920, "height": 1080, "position": [-4.260727405548094, -105.88233947753905, 56.309646606445305], "rotation": [[0.9991914033889768, -0.01886732690036296, 0.03550606220960616], [-0.04020766541361808, -0.4688675701618194, 0.882352888584137], [3.8938421368887477e-19, -0.8830668926239013, -0.4692470729351043]], "fy": 2666.6664748650437, "fx": 2666.6664748650437}, {"id": 80, "img_name": "0081", "width": 1920, "height": 1080, "position": [53.93598937988283, 56.86568450927735, 90.86914825439455], "rotation": [[-0.7255497574806214, 0.5211117267608641, -0.4494666159152985], [0.6881697773933411, 0.549417436122894, -0.47388073801994324], [-1.4901159404223563e-08, -0.6531333923339845, -0.7572429180145266]], "fy": 2666.6664748650437, "fx": 2666.6664748650437}, {"id": 81, "img_name": "0082", "width": 1920, "height": 1080, "position": [-113.52142333984375, 23.629627227783203, 30.895425796508793], "rotation": [[-0.20378342270851138, -0.25205931067466736, 0.9460119009017945], [-0.9790160655975341, 0.052466463297605515, -0.19691357016563416], [-6.564276302983715e-18, -0.9662884473800659, -0.25746190547943115]], "fy": 2666.6664748650437, "fx": 2666.6664748650437}, {"id": 82, "img_name": "0083", "width": 1920, "height": 1080, "position": [-14.02958106994629, 82.10043334960939, 86.38686370849608], "rotation": [[-0.9857116937637328, -0.1212594509124756, 0.11691318452358246], [-0.1684415340423584, 0.7096044421195984, -0.6841703057289125], [-3.865669343395559e-18, -0.6940876841545104, -0.7198905944824219]], "fy": 2666.6664748650437, "fx": 2666.6664748650437}, {"id": 83, "img_name": "0084", "width": 1920, "height": 1080, "position": [23.441612243652347, -101.23018646240234, -60.02449798583985], "rotation": [[0.9742205142974854, -0.11284490674734116, -0.19534677267074588], [0.225597694516182, 0.48730912804603577, 0.843584954738617], [1.1571090508946252e-17, -0.8659074902534485, 0.5002042055130005]], "fy": 2666.6664748650437, "fx": 2666.6664748650437}, {"id": 84, "img_name": "0085", "width": 1920, "height": 1080, "position": [35.55170059204102, 92.24027252197268, -68.02799224853517], "rotation": [[-0.9330923557281493, -0.20387822389602656, -0.29626420140266424], [0.3596370816230774, -0.5289699435234069, -0.7686689496040346], [-4.34397569290662e-17, -0.8237866759300232, 0.5668999552726747]], "fy": 2666.6664748650437, "fx": 2666.6664748650437}, {"id": 85, "img_name": "0086", "width": 1920, "height": 1080, "position": [4.859894275665283, 20.661920547485355, -118.10786437988281], "rotation": [[-0.9734354615211487, -0.2253516912460327, -0.04049911722540854], [0.2289619594812393, -0.958086371421814, -0.17218266427516937], [3.7252907451757415e-09, -0.1768815964460373, 0.9842321276664734]], "fy": 2666.6664748650437, "fx": 2666.6664748650437}, {"id": 86, "img_name": "0087", "width": 1920, "height": 1080, "position": [38.5626335144043, -67.83076477050781, 91.16968536376952], "rotation": [[0.8693331480026246, 0.37548732757568354, -0.3213552832603454], [0.49422663450241094, -0.6604734659194946, 0.5652564167976379], [-1.4901161127733651e-08, -0.6502183675765993, -0.7597474455833434]], "fy": 2666.6664748650437, "fx": 2666.6664748650437}, {"id": 87, "img_name": "0088", "width": 1920, "height": 1080, "position": [-31.624137878417965, -89.2450180053711, 73.72407531738283], "rotation": [[0.9425723552703857, -0.20520003139972684, 0.26353448629379267], [-0.33400222659111023, -0.5790855884552002, 0.7437085509300232], [1.1698487272790406e-17, -0.7890201210975648, -0.6143673062324525]], "fy": 2666.6664748650437, "fx": 2666.6664748650437}, {"id": 88, "img_name": "0089", "width": 1920, "height": 1080, "position": [87.85753631591798, 81.69560241699219, -2.6231553554534908], "rotation": [[-0.6809594631195068, -0.016008270904421803, -0.7321462035179137], [0.7323212027549745, -0.014885520562529562, -0.68079674243927], [9.313225729376873e-10, -0.9997610449790955, 0.021859629079699516]], "fy": 2666.6664748650437, "fx": 2666.6664748650437}, {"id": 89, "img_name": "0090", "width": 1920, "height": 1080, "position": [58.259891510009744, -91.53510284423827, 51.25534439086915], "rotation": [[0.843618631362915, 0.22934329509735102, -0.48549911379814137], [0.536942958831787, -0.3603330254554749, 0.7627925872802733], [-1.680510719487006e-17, -0.904191255569458, -0.4271278977394104]], "fy": 2666.6664748650437, "fx": 2666.6664748650437}, {"id": 90, "img_name": "0091", "width": 1920, "height": 1080, "position": [116.15703582763672, -2.0767810344696045, -30.053766250610355], "rotation": [[0.01787622645497322, -0.25040802359581, -0.967975378036499], [0.9998403191566466, 0.004477065522223712, 0.017306510359048843], [4.656613424137405e-10, -0.9681299924850464, 0.25044807791709905]], "fy": 2666.6664748650437, "fx": 2666.6664748650437}, {"id": 91, "img_name": "0092", "width": 1920, "height": 1080, "position": [1.8564532995223995, -28.1507339477539, 116.63657379150389], "rotation": [[0.9978325963020328, 0.06395955383777618, -0.015470443293452261], [0.06580395251512527, -0.9698646664619445, 0.23458944261074063], [-2.678552936076773e-18, -0.23509907722473145, -0.9719713926315308]], "fy": 2666.6664748650437, "fx": 2666.6664748650437}, {"id": 92, "img_name": "0093", "width": 1920, "height": 1080, "position": [-48.317787170410156, -23.870807647705078, 107.21742248535158], "rotation": [[0.44293203949928284, -0.8010528087615966, 0.40264824032783514], [-0.8965551853179933, -0.39575028419494634, 0.19892340898513794], [-0.0, -0.44910603761672974, -0.8934785723686218]], "fy": 2666.6664748650437, "fx": 2666.6664748650437}, {"id": 93, "img_name": "0094", "width": 1920, "height": 1080, "position": [-116.46790313720702, 28.077713012695312, 6.846149921417237], "rotation": [[-0.23436267673969272, -0.055462334305047996, 0.9705657958984376], [-0.9721492528915404, 0.01337068248540163, -0.2339809238910675], [9.313226850442599e-10, -0.9983712434768677, -0.05705124512314797]], "fy": 2666.6664748650437, "fx": 2666.6664748650437}, {"id": 94, "img_name": "0095", "width": 1920, "height": 1080, "position": [100.63127136230467, -51.78772735595704, -39.89206695556641], "rotation": [[0.4575890898704528, -0.2955881953239441, -0.8385939598083496], [0.8891637921333312, 0.15211813151836398, 0.4315644204616547], [-1.4901161194282743e-08, -0.9431265592575075, 0.33243390917778015]], "fy": 2666.6664748650437, "fx": 2666.6664748650437}, {"id": 95, "img_name": "0096", "width": 1920, "height": 1080, "position": [-74.45069885253906, 22.043916702270504, -91.49404144287112], "rotation": [[-0.28390419483184814, 0.7310774326324464, 0.6204225420951843], [-0.958852708339691, -0.21646282076835632, -0.1836993098258972], [-4.058296077814267e-17, -0.6470468044281005, 0.762450397014618]], "fy": 2666.6664748650437, "fx": 2666.6664748650437}, {"id": 96, "img_name": "0097", "width": 1920, "height": 1080, "position": [60.23651885986328, -64.90834045410153, -80.98437500000003], "rotation": [[0.7329934239387512, -0.4590705633163452, -0.5019710063934326], [0.6802357435226442, 0.4946751296520233, 0.5409028530120847], [-1.083918901887232e-16, -0.7379367351531984, 0.6748698353767395]], "fy": 2666.6664748650437, "fx": 2666.6664748650437}, {"id": 97, "img_name": "0098", "width": 1920, "height": 1080, "position": [-26.071868896484375, 15.708119392395027, 116.07546234130862], "rotation": [[-0.5160650610923768, -0.828536331653595, 0.21726559102535245], [-0.8565494418144229, 0.49918735027313244, -0.13090100884437567], [7.450580586272615e-09, -0.2536523640155792, -0.9672955870628357]], "fy": 2666.6664748650437, "fx": 2666.6664748650437}, {"id": 98, "img_name": "0099", "width": 1920, "height": 1080, "position": [-98.68943786621095, -68.16194915771483, -3.787185668945312], "rotation": [[0.568299412727356, 0.025968160480260852, 0.8224120140075684], [-0.8228219151496887, 0.01793546229600906, 0.5680162906646727], [-1.8626451475080662e-09, -0.9995018839836121, 0.03155988082289696]], "fy": 2666.6664748650437, "fx": 2666.6664748650437}, {"id": 99, "img_name": "0100", "width": 1920, "height": 1080, "position": [14.464969635009762, -107.17545318603514, -52.001808166503906], "rotation": [[0.9910147786140441, -0.05796148627996444, -0.12054140865802761], [0.13375262916088101, 0.42945465445518494, 0.8931287527084348], [-8.580653053814292e-18, -0.9012265205383301, 0.4333483874797821]], "fy": 2666.6664748650437, "fx": 2666.6664748650437}, {"id": 100, "img_name": "0001", "width": 1920, "height": 1080, "position": [-69.11235809326169, 34.75136947631836, -91.73780822753903], "rotation": [[-0.44923111796379095, 0.6829999089241027, 0.5759362578392027], [-0.893415